  0.10000E+01 -0.22413E-15
 -0.10000E+01  0.22914E-15
  0.10000E+01 -0.22501E-15
 -0.10000E+01  0.21194E-15
  0.10000E+01 -0.19323E-15
 -0.10000E+01  0.14868E-15
  0.10000E+01 -0.15181E-15
 -0.10000E+01  0.15441E-15
  0.10000E+01 -0.14111E-15
 -0.10000E+01  0.13734E-15
  0.10000E+01 -0.14299E-15
 -0.10000E+01  0.13508E-15
  0.10000E+01 -0.12958E-15
 -0.10000E+01  0.15011E-15
  0.10000E+01 -0.20095E-16
 -0.10000E+01  0.27983E-16
  0.10000E+01 -0.15960E-15
  0.10000E+01 -0.15779E-15
  0.10000E+01 -0.19513E-15
 -0.10000E+01  0.15953E-15
  0.10000E+01 -0.13741E-15
 -0.10000E+01  0.26815E-15
  0.10000E+01 -0.13120E-15
 -0.10000E+01  0.17439E-15
  0.10000E+01 -0.21740E-15
 -0.10000E+01  0.74092E-16
  0.10000E+01 -0.13117E-15
 -0.10000E+01  0.71356E-16
  0.10000E+01 -0.45066E-16
 -0.10000E+01  0.12340E-15
  0.10000E+01 -0.12970E-15
 -0.10000E+01  0.47652E-16
  0.10000E+01 -0.13673E-15
  0.10000E+01 -0.15196E-15
  0.10000E+01 -0.13369E-15
 -0.10000E+01  0.13970E-15
  0.10000E+01 -0.11321E-15
 -0.10000E+01  0.85779E-16
  0.10000E+01 -0.20870E-15
 -0.10000E+01  0.75155E-16
  0.10000E+01 -0.62270E-16
 -0.10000E+01  0.59660E-16
  0.10000E+01 -0.54260E-16
 -0.10000E+01  0.73180E-16
  0.10000E+01 -0.60892E-16
  0.10000E+01 -0.50842E-16
  0.10000E+01 -0.81226E-16
 -0.10000E+01 -0.45242E-16
 -0.10000E+01  0.11007E-15
  0.10000E+01 -0.21083E-16
  0.10000E+01 -0.14771E-15
 -0.10000E+01 -0.10883E-17
 -0.10000E+01  0.73656E-16
  0.10000E+01 -0.14183E-15
  0.10000E+01 -0.12246E-15
 -0.10000E+01  0.39370E-16
 -0.10000E+01  0.48224E-16
  0.10000E+01 -0.89931E-16
  0.10000E+01 -0.73645E-16
 -0.10000E+01 -0.57362E-16
 -0.10000E+01  0.62957E-16
  0.10000E+01 -0.61847E-16
  0.10000E+01  0.23247E-16
 -0.10000E+01 -0.82847E-16
  0.10000E+01 -0.16439E-15
  0.10000E+01 -0.15277E-15
  0.10000E+01 -0.15425E-15
 -0.10000E+01  0.19108E-15
  0.10000E+01 -0.13514E-15
 -0.10000E+01  0.27324E-15
  0.10000E+01 -0.18579E-15
 -0.10000E+01  0.14122E-15
  0.10000E+01 -0.21828E-15
 -0.10000E+01  0.75580E-16
  0.10000E+01 -0.79153E-16
 -0.10000E+01  0.12761E-15
  0.10000E+01 -0.57729E-16
 -0.10000E+01  0.12129E-15
  0.10000E+01 -0.39186E-16
 -0.10000E+01  0.14169E-15
  0.10000E+01 -0.27477E-15
  0.10000E+01 -0.18554E-15
  0.10000E+01 -0.13777E-15
 -0.10000E+01  0.14620E-15
  0.10000E+01 -0.21696E-15
 -0.10000E+01  0.29978E-15
  0.10000E+01 -0.21948E-15
 -0.10000E+01  0.22711E-15
  0.10000E+01 -0.22685E-15
 -0.10000E+01  0.18294E-15
  0.10000E+01 -0.76361E-16
 -0.10000E+01  0.66052E-16
  0.10000E+01 -0.14706E-15
  0.10000E+01 -0.18661E-15
  0.10000E+01 -0.79002E-16
 -0.10000E+01  0.90046E-16
  0.10000E+01 -0.80446E-16
  0.10000E+01 -0.80391E-16
  0.10000E+01 -0.20933E-15
 -0.10000E+01  0.12183E-15
  0.10000E+01 -0.55349E-16
 -0.10000E+01  0.17824E-15
  0.10000E+01 -0.24866E-15
 -0.10000E+01  0.53070E-16
  0.10000E+01 -0.13569E-15
 -0.10000E+01 -0.27811E-16
  0.10000E+01 -0.13869E-15
 -0.10000E+01  0.35135E-16
  0.10000E+01 -0.36432E-16
  0.10000E+01  0.18093E-16
  0.10000E+01 -0.10944E-15
 -0.10000E+01  0.68513E-16
 -0.10000E+01  0.60390E-16
  0.10000E+01 -0.44238E-16
  0.10000E+01 -0.12362E-15
 -0.10000E+01  0.14530E-15
 -0.10000E+01  0.17191E-15
  0.10000E+01 -0.96052E-16
  0.10000E+01 -0.13903E-15
 -0.10000E+01  0.10179E-15
 -0.10000E+01  0.52231E-17
  0.10000E+01 -0.10126E-15
  0.10000E+01 -0.50840E-16
 -0.10000E+01  0.67131E-16
 -0.10000E+01  0.36967E-16
  0.10000E+01 -0.39721E-16
  0.10000E+01  0.16380E-17
 -0.10000E+01 -0.28057E-16
  0.10000E+01 -0.15056E-15
  0.10000E+01 -0.15140E-15
  0.10000E+01 -0.14552E-15
 -0.10000E+01  0.13557E-15
  0.10000E+01 -0.12645E-15
 -0.10000E+01  0.65865E-16
  0.10000E+01 -0.83195E-16
 -0.10000E+01  0.21001E-15
  0.10000E+01 -0.64329E-16
 -0.10000E+01  0.62626E-16
  0.10000E+01 -0.76121E-16
 -0.10000E+01  0.63384E-16
  0.10000E+01 -0.46115E-16
 -0.10000E+01  0.93207E-16
  0.10000E+01  0.56030E-16
 -0.10000E+01  0.81737E-16
  0.10000E+01 -0.71748E-16
  0.10000E+01 -0.76100E-16
  0.10000E+01 -0.11705E-15
 -0.10000E+01  0.22129E-15
  0.10000E+01 -0.63114E-16
 -0.10000E+01  0.17841E-15
  0.10000E+01 -0.60704E-16
 -0.10000E+01  0.23805E-15
  0.10000E+01 -0.13817E-15
 -0.10000E+01 -0.15948E-16
  0.10000E+01 -0.55875E-16
 -0.10000E+01  0.14306E-15
  0.10000E+01 -0.39540E-16
  0.10000E+01  0.20567E-16
  0.10000E+01 -0.59526E-16
 -0.10000E+01  0.11332E-15
  0.10000E+01 -0.63699E-16
  0.10000E+01 -0.67937E-16
  0.10000E+01 -0.62283E-16
 -0.10000E+01  0.60366E-16
  0.10000E+01 -0.37285E-16
 -0.10000E+01 -0.70076E-17
  0.10000E+01 -0.14235E-15
 -0.10000E+01  0.14362E-15
  0.10000E+01  0.11169E-16
 -0.10000E+01 -0.32387E-16
  0.10000E+01  0.18436E-16
 -0.10000E+01 -0.92011E-17
  0.10000E+01  0.69385E-17
  0.10000E+01  0.23994E-16
  0.10000E+01 -0.30702E-18
 -0.10000E+01  0.59002E-17
 -0.10000E+01  0.39481E-16
  0.10000E+01  0.55432E-16
  0.10000E+01 -0.64904E-16
 -0.10000E+01  0.79896E-16
 -0.10000E+01 -0.15095E-16
  0.10000E+01 -0.61371E-16
  0.10000E+01 -0.36156E-16
 -0.10000E+01  0.11198E-15
 -0.10000E+01 -0.31275E-16
  0.10000E+01 -0.11710E-17
  0.10000E+01  0.21554E-16
 -0.10000E+01  0.10112E-16
 -0.10000E+01 -0.11286E-16
  0.10000E+01  0.14578E-16
  0.10000E+01  0.98482E-16
 -0.10000E+01 -0.27120E-16
  0.10000E+01 -0.10838E-16
 -0.10000E+01  0.15853E-15
  0.10000E+01 -0.26625E-16
 -0.10000E+01  0.11352E-15
  0.10000E+01 -0.13455E-15
 -0.10000E+01  0.12324E-15
  0.10000E+01 -0.32790E-16
 -0.10000E+01  0.65901E-16
  0.10000E+01 -0.80819E-16
 -0.10000E+01  0.92152E-16
  0.10000E+01  0.56545E-16
 -0.10000E+01  0.47889E-16
  0.10000E+01 -0.67726E-16
 -0.10000E+01 -0.14352E-16
  0.10000E+01  0.77068E-16
 -0.10000E+01  0.68360E-16
  0.10000E+01 -0.11841E-15
  0.10000E+01 -0.52185E-16
  0.10000E+01 -0.13469E-15
 -0.10000E+01  0.53345E-16
  0.10000E+01 -0.85048E-16
 -0.10000E+01  0.16120E-15
  0.10000E+01 -0.97970E-16
 -0.10000E+01  0.17133E-15
  0.10000E+01 -0.98198E-16
 -0.10000E+01  0.48967E-16
  0.10000E+01 -0.73173E-16
 -0.10000E+01 -0.26316E-16
  0.10000E+01 -0.38016E-16
 -0.10000E+01  0.74966E-17
  0.10000E+01  0.39921E-16
 -0.10000E+01  0.58493E-16
  0.10000E+01 -0.77940E-16
  0.10000E+01  0.55125E-16
  0.10000E+01 -0.89532E-16
 -0.10000E+01  0.34491E-16
  0.10000E+01 -0.65218E-16
 -0.10000E+01  0.34891E-16
  0.10000E+01 -0.11184E-15
 -0.10000E+01 -0.11369E-16
  0.10000E+01  0.45569E-18
 -0.10000E+01 -0.70080E-17
  0.10000E+01 -0.28164E-16
 -0.10000E+01 -0.23567E-16
  0.10000E+01  0.97055E-16
  0.10000E+01  0.89115E-17
  0.10000E+01  0.16952E-16
 -0.10000E+01 -0.36562E-17
 -0.10000E+01  0.54965E-16
  0.10000E+01  0.99615E-16
  0.10000E+01  0.19415E-16
 -0.10000E+01  0.42178E-16
  0.10000E+01  0.37495E-16
  0.10000E+01 -0.44596E-16
  0.10000E+01  0.11896E-17
 -0.10000E+01  0.41472E-16
 -0.10000E+01 -0.30078E-17
  0.10000E+01  0.29334E-16
  0.10000E+01  0.11369E-15
 -0.10000E+01 -0.74568E-17
 -0.10000E+01 -0.91383E-16
  0.10000E+01  0.94801E-16
  0.10000E+01  0.12558E-15
 -0.10000E+01 -0.85067E-16
