  0.00000000E+00  0.13328353E+01
  0.16856976E-01  0.12927956E+01
  0.33713952E-01  0.11915140E+01
  0.50570928E-01  0.10579541E+01
  0.67427903E-01  0.90906537E+00
  0.84284879E-01  0.75283821E+00
  0.10114186E+00  0.59314428E+00
  0.11799883E+00  0.43203163E+00
  0.13485581E+00  0.27068920E+00
  0.15171278E+00  0.10986888E+00
  0.16856976E+00 -0.49916529E-01
  0.18542673E+00 -0.20829386E+00
  0.20228371E+00 -0.36497651E+00
  0.21914069E+00 -0.51973465E+00
  0.23599766E+00 -0.67237785E+00
  0.25285464E+00 -0.82274451E+00
  0.26971161E+00 -0.97069541E+00
  0.28656859E+00 -0.11161095E+01
  0.30342557E+00 -0.12588814E+01
  0.32028254E+00 -0.13989196E+01
  0.33713952E+00 -0.15361453E+01
  0.35399649E+00 -0.16704920E+01
  0.37085347E+00 -0.18019045E+01
  0.38771044E+00 -0.19303395E+01
  0.40456742E+00 -0.20557643E+01
  0.42142440E+00 -0.21781575E+01
  0.43828137E+00 -0.22975084E+01
  0.45513835E+00 -0.24138172E+01
  0.47199532E+00 -0.25270945E+01
  0.48885230E+00 -0.26373611E+01
  0.50570928E+00 -0.27446481E+01
  0.52256625E+00 -0.28489960E+01
  0.53942323E+00 -0.29504550E+01
  0.55628020E+00 -0.30490839E+01
  0.57313718E+00 -0.31449501E+01
  0.58999415E+00 -0.32381289E+01
  0.60685113E+00 -0.33287026E+01
  0.62370811E+00 -0.34167603E+01
  0.64056508E+00 -0.35023968E+01
  0.65742206E+00 -0.35857118E+01
  0.67427903E+00 -0.36668095E+01
  0.69113601E+00 -0.37457972E+01
  0.70799299E+00 -0.38227848E+01
  0.72484996E+00 -0.38978837E+01
  0.74170694E+00 -0.39712062E+01
  0.75856391E+00 -0.40428641E+01
  0.77542089E+00 -0.41129680E+01
  0.79227787E+00 -0.41816269E+01
  0.80913484E+00 -0.42489467E+01
  0.82599182E+00 -0.43150295E+01
  0.84284879E+00 -0.43799732E+01
  0.85970577E+00 -0.44438705E+01
  0.87656274E+00 -0.45068085E+01
  0.89341972E+00 -0.45688676E+01
  0.91027670E+00 -0.46301216E+01
  0.92713367E+00 -0.46906368E+01
  0.94399065E+00 -0.47504721E+01
  0.96084762E+00 -0.48096782E+01
  0.97770460E+00 -0.48682978E+01
  0.99456158E+00 -0.49263650E+01
  0.10114186E+01 -0.49839059E+01
  0.10282755E+01 -0.50409381E+01
  0.10451325E+01 -0.50974709E+01
  0.10619895E+01 -0.51535054E+01
  0.10788465E+01 -0.52090349E+01
  0.10957034E+01 -0.52640452E+01
  0.11125604E+01 -0.53185144E+01
  0.11294174E+01 -0.53724138E+01
  0.11462744E+01 -0.54257082E+01
  0.11631313E+01 -0.54783560E+01
  0.11799883E+01 -0.55303101E+01
  0.11968453E+01 -0.55815181E+01
  0.12137023E+01 -0.56319227E+01
  0.12305592E+01 -0.56814627E+01
  0.12474162E+01 -0.57300731E+01
  0.12642732E+01 -0.57776857E+01
  0.12811302E+01 -0.58242296E+01
  0.12979871E+01 -0.58696320E+01
  0.13148441E+01 -0.59138184E+01
  0.13317011E+01 -0.59567134E+01
  0.13485581E+01 -0.59982408E+01
  0.13654150E+01 -0.60383247E+01
  0.13822720E+01 -0.60768894E+01
  0.13991290E+01 -0.61138603E+01
  0.14159860E+01 -0.61491639E+01
  0.14328429E+01 -0.61827289E+01
  0.14496999E+01 -0.62144858E+01
  0.14665569E+01 -0.62443680E+01
  0.14834139E+01 -0.62723116E+01
  0.15002709E+01 -0.62982563E+01
  0.15171278E+01 -0.63221453E+01
  0.15339848E+01 -0.63439256E+01
  0.15508418E+01 -0.63635486E+01
  0.15676988E+01 -0.63809701E+01
  0.15845557E+01 -0.63961505E+01
  0.16014127E+01 -0.64090551E+01
  0.16182697E+01 -0.64196544E+01
  0.16351267E+01 -0.64279238E+01
  0.16519836E+01 -0.64338443E+01
  0.16688406E+01 -0.64374022E+01
  0.16857665E+01 -0.64385890E+01
  0.17026924E+01 -0.64373924E+01
  0.17196182E+01 -0.64338046E+01
  0.17365441E+01 -0.64278321E+01
  0.17534700E+01 -0.64194854E+01
  0.17703959E+01 -0.64087794E+01
  0.17873218E+01 -0.63957329E+01
  0.18042476E+01 -0.63803690E+01
  0.18211735E+01 -0.63627146E+01
  0.18380994E+01 -0.63428006E+01
  0.18550253E+01 -0.63206615E+01
  0.18719511E+01 -0.62963356E+01
  0.18888770E+01 -0.62698645E+01
  0.19058029E+01 -0.62412933E+01
  0.19227288E+01 -0.62106700E+01
  0.19396546E+01 -0.61780457E+01
  0.19565805E+01 -0.61434740E+01
  0.19735064E+01 -0.61070112E+01
  0.19904323E+01 -0.60687157E+01
  0.20073582E+01 -0.60286479E+01
  0.20242840E+01 -0.59868699E+01
  0.20412099E+01 -0.59434451E+01
  0.20581358E+01 -0.58984382E+01
  0.20750617E+01 -0.58519146E+01
  0.20919875E+01 -0.58039400E+01
  0.21089134E+01 -0.57545804E+01
  0.21258393E+01 -0.57039016E+01
  0.21427652E+01 -0.56519689E+01
  0.21596911E+01 -0.55988464E+01
  0.21766169E+01 -0.55445972E+01
  0.21935428E+01 -0.54892827E+01
  0.22104687E+01 -0.54329623E+01
  0.22273946E+01 -0.53756930E+01
  0.22443204E+01 -0.53175294E+01
  0.22612463E+01 -0.52585227E+01
  0.22781722E+01 -0.51987211E+01
  0.22950981E+01 -0.51381690E+01
  0.23120240E+01 -0.50769068E+01
  0.23289498E+01 -0.50149707E+01
  0.23458757E+01 -0.49523926E+01
  0.23628016E+01 -0.48891994E+01
  0.23797275E+01 -0.48254134E+01
  0.23966533E+01 -0.47610516E+01
  0.24135792E+01 -0.46961257E+01
  0.24305051E+01 -0.46306422E+01
  0.24474310E+01 -0.45646019E+01
  0.24643569E+01 -0.44980004E+01
  0.24812827E+01 -0.44308274E+01
  0.24982086E+01 -0.43630673E+01
  0.25151345E+01 -0.42946989E+01
  0.25320604E+01 -0.42256956E+01
  0.25489862E+01 -0.41560255E+01
  0.25659121E+01 -0.40856515E+01
  0.25828380E+01 -0.40145314E+01
  0.25997639E+01 -0.39426183E+01
  0.26166897E+01 -0.38698608E+01
  0.26336156E+01 -0.37962030E+01
  0.26505415E+01 -0.37215850E+01
  0.26674674E+01 -0.36459431E+01
  0.26843933E+01 -0.35692104E+01
  0.27013191E+01 -0.34913165E+01
  0.27182450E+01 -0.34121886E+01
  0.27351709E+01 -0.33317514E+01
  0.27520968E+01 -0.32499274E+01
  0.27690226E+01 -0.31666378E+01
  0.27859485E+01 -0.30818024E+01
  0.28028744E+01 -0.29953399E+01
  0.28198003E+01 -0.29071689E+01
  0.28367262E+01 -0.28172078E+01
  0.28536520E+01 -0.27253751E+01
  0.28705779E+01 -0.26315903E+01
  0.28875038E+01 -0.25357737E+01
  0.29044297E+01 -0.24378472E+01
  0.29213555E+01 -0.23377343E+01
  0.29382814E+01 -0.22353609E+01
  0.29552073E+01 -0.21306550E+01
  0.29721332E+01 -0.20235478E+01
  0.29890591E+01 -0.19139733E+01
  0.30059849E+01 -0.18018690E+01
  0.30229108E+01 -0.16871761E+01
  0.30398367E+01 -0.15698396E+01
  0.30567626E+01 -0.14498090E+01
  0.30736884E+01 -0.13270378E+01
  0.30906143E+01 -0.12014846E+01
  0.31075402E+01 -0.10731125E+01
  0.31244661E+01 -0.94188979E+00
  0.31413920E+01 -0.80778992E+00
  0.31583178E+01 -0.67079167E+00
  0.31752437E+01 -0.53087934E+00
  0.31921696E+01 -0.38804277E+00
  0.32090955E+01 -0.24227752E+00
  0.32260213E+01 -0.93584896E-01
  0.32429472E+01  0.58027952E-01
  0.32598731E+01  0.21254802E+00
  0.32767990E+01  0.36995641E+00
  0.32937248E+01  0.53022830E+00
  0.33106507E+01  0.69333299E+00
  0.33275766E+01  0.85923392E+00
  0.33445025E+01  0.10278887E+01
  0.33614284E+01  0.11992491E+01
  0.33783542E+01  0.13732614E+01
  0.33952801E+01  0.15498660E+01
  0.34122060E+01  0.17289980E+01
  0.34291319E+01  0.19105871E+01
  0.34460577E+01  0.20945577E+01
  0.34629836E+01  0.22808294E+01
  0.34799095E+01  0.24693165E+01
  0.34968354E+01  0.26599287E+01
  0.35137613E+01  0.28525715E+01
  0.35306871E+01  0.30471456E+01
  0.35476130E+01  0.32435480E+01
  0.35645389E+01  0.34416717E+01
  0.35814648E+01  0.36414059E+01
  0.35983906E+01  0.38426368E+01
  0.36153165E+01  0.40452474E+01
  0.36321015E+01  0.42491177E+01
  0.36488864E+01  0.42494608E+01
  0.36656714E+01  0.42504904E+01
  0.36824563E+01  0.42522073E+01
  0.36992413E+01  0.42546129E+01
  0.37160262E+01  0.42577089E+01
  0.37328112E+01  0.42614974E+01
  0.37495962E+01  0.42659803E+01
  0.37663811E+01  0.42711596E+01
  0.37831661E+01  0.42770365E+01
  0.37999510E+01  0.42836116E+01
  0.38167360E+01  0.42908840E+01
  0.38335209E+01  0.42988511E+01
  0.38503059E+01  0.43075078E+01
  0.38670908E+01  0.43168458E+01
  0.38838758E+01  0.43268527E+01
  0.39006608E+01  0.43375111E+01
  0.39174457E+01  0.43487974E+01
  0.39342307E+01  0.43606800E+01
  0.39510156E+01  0.43731178E+01
  0.39678006E+01  0.43860583E+01
  0.39845855E+01  0.43994346E+01
  0.40013705E+01  0.44131627E+01
  0.40181554E+01  0.44271375E+01
  0.40349404E+01  0.44412286E+01
  0.40517254E+01  0.44552744E+01
  0.40685103E+01  0.44690760E+01
  0.40852953E+01  0.44823889E+01
  0.41020802E+01  0.44949138E+01
  0.41188652E+01  0.45062859E+01
  0.41356501E+01  0.45160622E+01
  0.41524351E+01  0.45237090E+01
  0.41692200E+01  0.45285885E+01
  0.41860050E+01  0.45299488E+01
  0.42027899E+01  0.45269190E+01
  0.42195749E+01  0.45185152E+01
  0.42363599E+01  0.45036645E+01
  0.42531448E+01  0.44812516E+01
  0.42699298E+01  0.44501941E+01
  0.42867147E+01  0.44095409E+01
  0.43034997E+01  0.43585814E+01
  0.43204222E+01  0.42969413E+01
  0.43373448E+01  0.42240007E+01
  0.43542673E+01  0.41406351E+01
  0.43711898E+01  0.40475956E+01
  0.43881124E+01  0.39458669E+01
  0.44050349E+01  0.38365540E+01
  0.44219574E+01  0.37207817E+01
  0.44388800E+01  0.35996211E+01
  0.44558025E+01  0.34740446E+01
  0.44727250E+01  0.33449040E+01
  0.44896476E+01  0.32129266E+01
  0.45065701E+01  0.30787208E+01
  0.45234927E+01  0.29427881E+01
  0.45404152E+01  0.28055367E+01
  0.45573377E+01  0.26672950E+01
  0.45742603E+01  0.25283256E+01
  0.45911828E+01  0.23888361E+01
  0.46081053E+01  0.22489902E+01
  0.46250279E+01  0.21089158E+01
  0.46419504E+01  0.19687133E+01
  0.46588729E+01  0.18284614E+01
  0.46757955E+01  0.16882227E+01
  0.46927180E+01  0.15480482E+01
  0.47096406E+01  0.14079809E+01
  0.47265631E+01  0.12680589E+01
  0.47434856E+01  0.11283178E+01
  0.47604082E+01  0.98879298E+00
  0.47773307E+01  0.84952075E+00
  0.47942532E+01  0.71053991E+00
  0.48111758E+01  0.57189247E+00
  0.48280983E+01  0.43362429E+00
  0.48450209E+01  0.29578546E+00
  0.48619434E+01  0.15843043E+00
  0.48788659E+01  0.21618044E-01
  0.48957885E+01 -0.11458867E+00
  0.49127110E+01 -0.25012276E+00
  0.49296335E+01 -0.38491374E+00
  0.49465561E+01 -0.51888809E+00
  0.49634786E+01 -0.65196979E+00
  0.49804011E+01 -0.78408088E+00
  0.49973237E+01 -0.91514217E+00
  0.50142462E+01 -0.10450738E+01
  0.50311688E+01 -0.11737961E+01
  0.50480913E+01 -0.13012299E+01
  0.50650138E+01 -0.14272977E+01
  0.50819364E+01 -0.15519239E+01
  0.50988589E+01 -0.16750357E+01
  0.51157814E+01 -0.17965635E+01
  0.51327040E+01 -0.19164418E+01
  0.51496265E+01 -0.20346094E+01
  0.51665490E+01 -0.21510102E+01
  0.51834716E+01 -0.22655932E+01
  0.52003941E+01 -0.23783136E+01
  0.52173167E+01 -0.24891323E+01
  0.52342392E+01 -0.25980171E+01
  0.52511617E+01 -0.27049421E+01
  0.52680843E+01 -0.28098884E+01
  0.52850068E+01 -0.29128438E+01
  0.53019293E+01 -0.30138033E+01
  0.53188519E+01 -0.31127686E+01
  0.53357744E+01 -0.32097483E+01
  0.53526970E+01 -0.33047576E+01
  0.53696195E+01 -0.33978178E+01
  0.53865420E+01 -0.34889567E+01
  0.54034646E+01 -0.35782073E+01
  0.54203871E+01 -0.36656083E+01
  0.54373096E+01 -0.37512027E+01
  0.54542322E+01 -0.38350380E+01
  0.54711547E+01 -0.39171654E+01
  0.54880772E+01 -0.39976388E+01
  0.55049998E+01 -0.40765146E+01
  0.55219223E+01 -0.41538510E+01
  0.55388449E+01 -0.42297071E+01
  0.55557674E+01 -0.43041421E+01
  0.55726899E+01 -0.43772150E+01
  0.55896125E+01 -0.44489836E+01
  0.56065350E+01 -0.45195038E+01
  0.56234575E+01 -0.45888293E+01
  0.56403801E+01 -0.46570104E+01
  0.56573026E+01 -0.47240941E+01
  0.56742251E+01 -0.47901229E+01
  0.56911477E+01 -0.48551349E+01
  0.57080702E+01 -0.49191631E+01
  0.57249928E+01 -0.49822348E+01
  0.57419153E+01 -0.50443719E+01
  0.57588378E+01 -0.51055902E+01
  0.57757604E+01 -0.51658994E+01
  0.57926829E+01 -0.52253030E+01
  0.58096054E+01 -0.52837982E+01
  0.58265280E+01 -0.53413762E+01
  0.58434505E+01 -0.53980218E+01
  0.58603731E+01 -0.54537143E+01
  0.58772956E+01 -0.55084268E+01
  0.58942181E+01 -0.55621272E+01
  0.59111407E+01 -0.56147785E+01
  0.59280632E+01 -0.56663384E+01
  0.59449857E+01 -0.57167607E+01
  0.59619083E+01 -0.57659950E+01
  0.59788308E+01 -0.58139874E+01
  0.59957533E+01 -0.58606809E+01
  0.60126759E+01 -0.59060160E+01
  0.60295984E+01 -0.59499313E+01
  0.60465210E+01 -0.59923636E+01
  0.60634435E+01 -0.60332487E+01
  0.60803660E+01 -0.60725219E+01
  0.60972886E+01 -0.61101184E+01
  0.61142111E+01 -0.61459737E+01
  0.61311336E+01 -0.61800245E+01
  0.61480562E+01 -0.62122085E+01
  0.61649787E+01 -0.62424656E+01
  0.61819012E+01 -0.62707375E+01
  0.61988238E+01 -0.62969687E+01
  0.62157463E+01 -0.63211070E+01
  0.62326689E+01 -0.63431030E+01
  0.62495914E+01 -0.63629113E+01
  0.62665139E+01 -0.63804906E+01
  0.62834365E+01 -0.63958034E+01
  0.63003590E+01 -0.64088171E+01
  0.63172815E+01 -0.64195036E+01
  0.63342041E+01 -0.64278397E+01
  0.63511266E+01 -0.64338072E+01
  0.63680492E+01 -0.64373929E+01
  0.63849061E+01 -0.64385890E+01
  
  0.00000000E+00  0.20781052E+01
  0.16856976E-01  0.21191217E+01
  0.33713952E-01  0.22233370E+01
  0.50570928E-01  0.23617968E+01
  0.67427903E-01  0.25175672E+01
  0.84284879E-01  0.26826797E+01
  0.10114186E+00  0.28532902E+01
  0.11799883E+00  0.30273843E+01
  0.13485581E+00  0.32038121E+01
  0.15171278E+00  0.33818662E+01
  0.16856976E+00  0.35610833E+01
  0.18542673E+00  0.37411445E+01
  0.20228371E+00  0.39218220E+01
  0.21914069E+00  0.41029485E+01
  0.23599766E+00  0.42844001E+01
  0.25285464E+00  0.44660847E+01
  0.26971161E+00  0.46479352E+01
  0.28656859E+00  0.48299052E+01
  0.30342557E+00  0.50119656E+01
  0.32028254E+00  0.51941021E+01
  0.33713952E+00  0.53763144E+01
  0.35399649E+00  0.55586139E+01
  0.37085347E+00  0.57410237E+01
  0.38771044E+00  0.59235769E+01
  0.40456742E+00  0.61063162E+01
  0.42142440E+00  0.62892933E+01
  0.43828137E+00  0.64725678E+01
  0.45513835E+00  0.66562066E+01
  0.47199532E+00  0.68402835E+01
  0.48885230E+00  0.70248778E+01
  0.50570928E+00  0.72100738E+01
  0.52256625E+00  0.73959599E+01
  0.53942323E+00  0.75826280E+01
  0.55628020E+00  0.77701716E+01
  0.57313718E+00  0.79586860E+01
  0.58999415E+00  0.81482664E+01
  0.60685113E+00  0.83390070E+01
  0.62370811E+00  0.85310002E+01
  0.64056508E+00  0.87243350E+01
  0.65742206E+00  0.89190962E+01
  0.67427903E+00  0.91153632E+01
  0.69113601E+00  0.93132085E+01
  0.70799299E+00  0.95126970E+01
  0.72484996E+00  0.97138846E+01
  0.74170694E+00  0.99168171E+01
  0.75856391E+00  0.10121529E+02
  0.77542089E+00  0.10328043E+02
  0.79227787E+00  0.10536369E+02
  0.80913484E+00  0.10746502E+02
  0.82599182E+00  0.10958423E+02
  0.84284879E+00  0.11172097E+02
  0.85970577E+00  0.11387474E+02
  0.87656274E+00  0.11604485E+02
  0.89341972E+00  0.11823046E+02
  0.91027670E+00  0.12043056E+02
  0.92713367E+00  0.12264395E+02
  0.94399065E+00  0.12486927E+02
  0.96084762E+00  0.12710496E+02
  0.97770460E+00  0.12934931E+02
  0.99456158E+00  0.13160044E+02
  0.10114186E+01  0.13385629E+02
  0.10282755E+01  0.13611463E+02
  0.10451325E+01  0.13837312E+02
  0.10619895E+01  0.14062921E+02
  0.10788465E+01  0.14288026E+02
  0.10957034E+01  0.14512347E+02
  0.11125604E+01  0.14735593E+02
  0.11294174E+01  0.14957461E+02
  0.11462744E+01  0.15177639E+02
  0.11631313E+01  0.15395805E+02
  0.11799883E+01  0.15611631E+02
  0.11968453E+01  0.15824780E+02
  0.12137023E+01  0.16034912E+02
  0.12305592E+01  0.16241681E+02
  0.12474162E+01  0.16444739E+02
  0.12642732E+01  0.16643739E+02
  0.12811302E+01  0.16838330E+02
  0.12979871E+01  0.17028165E+02
  0.13148441E+01  0.17212899E+02
  0.13317011E+01  0.17392191E+02
  0.13485581E+01  0.17565703E+02
  0.13654150E+01  0.17733107E+02
  0.13822720E+01  0.17894079E+02
  0.13991290E+01  0.18048308E+02
  0.14159860E+01  0.18195488E+02
  0.14328429E+01  0.18335328E+02
  0.14496999E+01  0.18467546E+02
  0.14665569E+01  0.18591876E+02
  0.14834139E+01  0.18708065E+02
  0.15002709E+01  0.18815874E+02
  0.15171278E+01  0.18915080E+02
  0.15339848E+01  0.19005478E+02
  0.15508418E+01  0.19086879E+02
  0.15676988E+01  0.19159113E+02
  0.15845557E+01  0.19222028E+02
  0.16014127E+01  0.19275491E+02
  0.16182697E+01  0.19319389E+02
  0.16351267E+01  0.19353630E+02
  0.16519836E+01  0.19378139E+02
  0.16688406E+01  0.19392866E+02
  0.16857665E+01  0.19397778E+02
  0.17026924E+01  0.19394950E+02
  0.17196182E+01  0.19386472E+02
  0.17365441E+01  0.19372362E+02
  0.17534700E+01  0.19352653E+02
  0.17703959E+01  0.19327386E+02
  0.17873218E+01  0.19296618E+02
  0.18042476E+01  0.19260415E+02
  0.18211735E+01  0.19218857E+02
  0.18380994E+01  0.19172033E+02
  0.18550253E+01  0.19120045E+02
  0.18719511E+01  0.19063003E+02
  0.18888770E+01  0.19001030E+02
  0.19058029E+01  0.18934256E+02
  0.19227288E+01  0.18862821E+02
  0.19396546E+01  0.18786874E+02
  0.19565805E+01  0.18706570E+02
  0.19735064E+01  0.18622075E+02
  0.19904323E+01  0.18533558E+02
  0.20073582E+01  0.18441196E+02
  0.20242840E+01  0.18345171E+02
  0.20412099E+01  0.18245669E+02
  0.20581358E+01  0.18142881E+02
  0.20750617E+01  0.18037002E+02
  0.20919875E+01  0.17928227E+02
  0.21089134E+01  0.17816757E+02
  0.21258393E+01  0.17702792E+02
  0.21427652E+01  0.17586532E+02
  0.21596911E+01  0.17468179E+02
  0.21766169E+01  0.17347933E+02
  0.21935428E+01  0.17225996E+02
  0.22104687E+01  0.17102563E+02
  0.22273946E+01  0.16977832E+02
  0.22443204E+01  0.16851995E+02
  0.22612463E+01  0.16725241E+02
  0.22781722E+01  0.16597758E+02
  0.22950981E+01  0.16469727E+02
  0.23120240E+01  0.16341325E+02
  0.23289498E+01  0.16212724E+02
  0.23458757E+01  0.16084092E+02
  0.23628016E+01  0.15955589E+02
  0.23797275E+01  0.15827373E+02
  0.23966533E+01  0.15699592E+02
  0.24135792E+01  0.15572390E+02
  0.24305051E+01  0.15445903E+02
  0.24474310E+01  0.15320262E+02
  0.24643569E+01  0.15195590E+02
  0.24812827E+01  0.15072005E+02
  0.24982086E+01  0.14949617E+02
  0.25151345E+01  0.14828529E+02
  0.25320604E+01  0.14708838E+02
  0.25489862E+01  0.14590634E+02
  0.25659121E+01  0.14474002E+02
  0.25828380E+01  0.14359017E+02
  0.25997639E+01  0.14245750E+02
  0.26166897E+01  0.14134268E+02
  0.26336156E+01  0.14024627E+02
  0.26505415E+01  0.13916880E+02
  0.26674674E+01  0.13811076E+02
  0.26843933E+01  0.13707255E+02
  0.27013191E+01  0.13605455E+02
  0.27182450E+01  0.13505706E+02
  0.27351709E+01  0.13408035E+02
  0.27520968E+01  0.13312464E+02
  0.27690226E+01  0.13219013E+02
  0.27859485E+01  0.13127694E+02
  0.28028744E+01  0.13038517E+02
  0.28198003E+01  0.12951490E+02
  0.28367262E+01  0.12866616E+02
  0.28536520E+01  0.12783895E+02
  0.28705779E+01  0.12703324E+02
  0.28875038E+01  0.12624898E+02
  0.29044297E+01  0.12533311E+02
  0.29213555E+01  0.12377329E+02
  0.29382814E+01  0.12219129E+02
  0.29552073E+01  0.12058686E+02
  0.29721332E+01  0.11895981E+02
  0.29890591E+01  0.11731000E+02
  0.30059849E+01  0.11563737E+02
  0.30229108E+01  0.11394189E+02
  0.30398367E+01  0.11222363E+02
  0.30567626E+01  0.11048269E+02
  0.30736884E+01  0.10871927E+02
  0.30906143E+01  0.10693361E+02
  0.31075402E+01  0.10512603E+02
  0.31244661E+01  0.10329691E+02
  0.31413920E+01  0.10144669E+02
  0.31583178E+01  0.99575877E+01
  0.31752437E+01  0.97685045E+01
  0.31921696E+01  0.95774822E+01
  0.32090955E+01  0.93845901E+01
  0.32260213E+01  0.91899029E+01
  0.32429472E+01  0.89935009E+01
  0.32598731E+01  0.87954699E+01
  0.32767990E+01  0.85959005E+01
  0.32937248E+01  0.83948884E+01
  0.33106507E+01  0.81925339E+01
  0.33275766E+01  0.79889412E+01
  0.33445025E+01  0.77842190E+01
  0.33614284E+01  0.75784793E+01
  0.33783542E+01  0.73718378E+01
  0.33952801E+01  0.71644131E+01
  0.34122060E+01  0.69563265E+01
  0.34291319E+01  0.67477018E+01
  0.34460577E+01  0.65386649E+01
  0.34629836E+01  0.63293434E+01
  0.34799095E+01  0.61198664E+01
  0.34968354E+01  0.59103638E+01
  0.35137613E+01  0.57009666E+01
  0.35306871E+01  0.54918059E+01
  0.35476130E+01  0.52830129E+01
  0.35645389E+01  0.50747185E+01
  0.35814648E+01  0.48670532E+01
  0.35983906E+01  0.46601461E+01
  0.36153165E+01  0.44541255E+01
  0.36321015E+01  0.42491177E+01
  0.36488864E+01  0.42501881E+01
  0.36656714E+01  0.42533957E+01
  0.36824563E+01  0.42587298E+01
  0.36992413E+01  0.42661727E+01
  0.37160262E+01  0.42756995E+01
  0.37328112E+01  0.42872789E+01
  0.37495962E+01  0.43008726E+01
  0.37663811E+01  0.43164363E+01
  0.37831661E+01  0.43339195E+01
  0.37999510E+01  0.43532660E+01
  0.38167360E+01  0.43744142E+01
  0.38335209E+01  0.43972977E+01
  0.38503059E+01  0.44218456E+01
  0.38670908E+01  0.44479829E+01
  0.38838758E+01  0.44756312E+01
  0.39006608E+01  0.45047092E+01
  0.39174457E+01  0.45351332E+01
  0.39342307E+01  0.45668179E+01
  0.39510156E+01  0.45996769E+01
  0.39678006E+01  0.46336234E+01
  0.39845855E+01  0.46685710E+01
  0.40013705E+01  0.47044346E+01
  0.40181554E+01  0.47411308E+01
  0.40349404E+01  0.47785793E+01
  0.40517254E+01  0.48167036E+01
  0.40685103E+01  0.48554322E+01
  0.40852953E+01  0.48946994E+01
  0.41020802E+01  0.49344472E+01
  0.41188652E+01  0.49746263E+01
  0.41356501E+01  0.50151980E+01
  0.41524351E+01  0.50561358E+01
  0.41692200E+01  0.50974274E+01
  0.41860050E+01  0.51390764E+01
  0.42027899E+01  0.51811045E+01
  0.42195749E+01  0.52235523E+01
  0.42363599E+01  0.52664807E+01
  0.42531448E+01  0.53099705E+01
  0.42699298E+01  0.53541207E+01
  0.42867147E+01  0.53990460E+01
  0.43034997E+01  0.54448724E+01
  0.43204222E+01  0.54917318E+01
  0.43373448E+01  0.55401550E+01
  0.43542673E+01  0.55898921E+01
  0.43711898E+01  0.56410623E+01
  0.43881124E+01  0.56937712E+01
  0.44050349E+01  0.57481087E+01
  0.44219574E+01  0.58041493E+01
  0.44388800E+01  0.58619536E+01
  0.44558025E+01  0.59215701E+01
  0.44727250E+01  0.59830383E+01
  0.44896476E+01  0.60463913E+01
  0.45065701E+01  0.61116583E+01
  0.45234927E+01  0.61788665E+01
  0.45404152E+01  0.62480429E+01
  0.45573377E+01  0.63192151E+01
  0.45742603E+01  0.63924116E+01
  0.45911828E+01  0.64676615E+01
  0.46081053E+01  0.65449941E+01
  0.46250279E+01  0.66244377E+01
  0.46419504E+01  0.67060186E+01
  0.46588729E+01  0.67897597E+01
  0.46757955E+01  0.68756794E+01
  0.46927180E+01  0.69637902E+01
  0.47096406E+01  0.70540977E+01
  0.47265631E+01  0.71466001E+01
  0.47434856E+01  0.72412869E+01
  0.47604082E+01  0.73381391E+01
  0.47773307E+01  0.74371283E+01
  0.47942532E+01  0.75382173E+01
  0.48111758E+01  0.76413597E+01
  0.48280983E+01  0.77465005E+01
  0.48450209E+01  0.78535760E+01
  0.48619434E+01  0.79625144E+01
  0.48788659E+01  0.80732367E+01
  0.48957885E+01  0.81856565E+01
  0.49127110E+01  0.82996812E+01
  0.49296335E+01  0.84152125E+01
  0.49465561E+01  0.85321470E+01
  0.49634786E+01  0.86503775E+01
  0.49804011E+01  0.87697936E+01
  0.49973237E+01  0.88902830E+01
  0.50142462E+01  0.90117331E+01
  0.50311688E+01  0.91340325E+01
  0.50480913E+01  0.92570728E+01
  0.50650138E+01  0.93807505E+01
  0.50819364E+01  0.95049695E+01
  0.50988589E+01  0.96296430E+01
  0.51157814E+01  0.97546954E+01
  0.51327040E+01  0.98800648E+01
  0.51496265E+01  0.10005704E+02
  0.51665490E+01  0.10131582E+02
  0.51834716E+01  0.10257683E+02
  0.52003941E+01  0.10384010E+02
  0.52173167E+01  0.10510580E+02
  0.52342392E+01  0.10637427E+02
  0.52511617E+01  0.10764598E+02
  0.52680843E+01  0.10892154E+02
  0.52850068E+01  0.11020164E+02
  0.53019293E+01  0.11148709E+02
  0.53188519E+01  0.11277878E+02
  0.53357744E+01  0.11407763E+02
  0.53526970E+01  0.11538464E+02
  0.53696195E+01  0.11670081E+02
  0.53865420E+01  0.11802715E+02
  0.54034646E+01  0.11936470E+02
  0.54203871E+01  0.12071444E+02
  0.54373096E+01  0.12207734E+02
  0.54542322E+01  0.12345434E+02
  0.54711547E+01  0.12484629E+02
  0.54880772E+01  0.12625398E+02
  0.55049998E+01  0.12767812E+02
  0.55219223E+01  0.12911933E+02
  0.55388449E+01  0.13057810E+02
  0.55557674E+01  0.13205481E+02
  0.55726899E+01  0.13354970E+02
  0.55896125E+01  0.13506288E+02
  0.56065350E+01  0.13659430E+02
  0.56234575E+01  0.13814374E+02
  0.56403801E+01  0.13971083E+02
  0.56573026E+01  0.14129501E+02
  0.56742251E+01  0.14289553E+02
  0.56911477E+01  0.14451149E+02
  0.57080702E+01  0.14614177E+02
  0.57249928E+01  0.14778507E+02
  0.57419153E+01  0.14943989E+02
  0.57588378E+01  0.15110457E+02
  0.57757604E+01  0.15277724E+02
  0.57926829E+01  0.15445585E+02
  0.58096054E+01  0.15613818E+02
  0.58265280E+01  0.15782184E+02
  0.58434505E+01  0.15950429E+02
  0.58603731E+01  0.16118280E+02
  0.58772956E+01  0.16285454E+02
  0.58942181E+01  0.16451654E+02
  0.59111407E+01  0.16616570E+02
  0.59280632E+01  0.16779882E+02
  0.59449857E+01  0.16941263E+02
  0.59619083E+01  0.17100375E+02
  0.59788308E+01  0.17256877E+02
  0.59957533E+01  0.17410424E+02
  0.60126759E+01  0.17560665E+02
  0.60295984E+01  0.17707252E+02
  0.60465210E+01  0.17849835E+02
  0.60634435E+01  0.17988067E+02
  0.60803660E+01  0.18121607E+02
  0.60972886E+01  0.18250117E+02
  0.61142111E+01  0.18373269E+02
  0.61311336E+01  0.18490741E+02
  0.61480562E+01  0.18602224E+02
  0.61649787E+01  0.18707420E+02
  0.61819012E+01  0.18806047E+02
  0.61988238E+01  0.18897834E+02
  0.62157463E+01  0.18982530E+02
  0.62326689E+01  0.19059899E+02
  0.62495914E+01  0.19129725E+02
  0.62665139E+01  0.19191812E+02
  0.62834365E+01  0.19245984E+02
  0.63003590E+01  0.19292087E+02
  0.63172815E+01  0.19329989E+02
  0.63342041E+01  0.19359583E+02
  0.63511266E+01  0.19380782E+02
  0.63680492E+01  0.19393526E+02
  0.63849061E+01  0.19397778E+02
  
  0.00000000E+00  0.15805423E+02
  0.16856976E-01  0.15805839E+02
  0.33713952E-01  0.15807088E+02
  0.50570928E-01  0.15809172E+02
  0.67427903E-01  0.15812095E+02
  0.84284879E-01  0.15815862E+02
  0.10114186E+00  0.15820482E+02
  0.11799883E+00  0.15825961E+02
  0.13485581E+00  0.15832311E+02
  0.15171278E+00  0.15839542E+02
  0.16856976E+00  0.15847668E+02
  0.18542673E+00  0.15856701E+02
  0.20228371E+00  0.15866658E+02
  0.21914069E+00  0.15877554E+02
  0.23599766E+00  0.15889407E+02
  0.25285464E+00  0.15902235E+02
  0.26971161E+00  0.15916056E+02
  0.28656859E+00  0.15930891E+02
  0.30342557E+00  0.15946759E+02
  0.32028254E+00  0.15963681E+02
  0.33713952E+00  0.15981678E+02
  0.35399649E+00  0.16000770E+02
  0.37085347E+00  0.16020980E+02
  0.38771044E+00  0.16042327E+02
  0.40456742E+00  0.16064832E+02
  0.42142440E+00  0.16088516E+02
  0.43828137E+00  0.16113398E+02
  0.45513835E+00  0.16139496E+02
  0.47199532E+00  0.16166829E+02
  0.48885230E+00  0.16195412E+02
  0.50570928E+00  0.16225263E+02
  0.52256625E+00  0.16256393E+02
  0.53942323E+00  0.16288815E+02
  0.55628020E+00  0.16322541E+02
  0.57313718E+00  0.16357577E+02
  0.58999415E+00  0.16393931E+02
  0.60685113E+00  0.16431606E+02
  0.62370811E+00  0.16470604E+02
  0.64056508E+00  0.16510923E+02
  0.65742206E+00  0.16552559E+02
  0.67427903E+00  0.16595505E+02
  0.69113601E+00  0.16639751E+02
  0.70799299E+00  0.16685284E+02
  0.72484996E+00  0.16732086E+02
  0.74170694E+00  0.16780138E+02
  0.75856391E+00  0.16829416E+02
  0.77542089E+00  0.16879892E+02
  0.79227787E+00  0.16931535E+02
  0.80913484E+00  0.16984311E+02
  0.82599182E+00  0.17038179E+02
  0.84284879E+00  0.17093098E+02
  0.85970577E+00  0.17149019E+02
  0.87656274E+00  0.17205894E+02
  0.89341972E+00  0.17263667E+02
  0.91027670E+00  0.17322278E+02
  0.92713367E+00  0.17381667E+02
  0.94399065E+00  0.17441766E+02
  0.96084762E+00  0.17502505E+02
  0.97770460E+00  0.17563810E+02
  0.99456158E+00  0.17625604E+02
  0.10114186E+01  0.17687806E+02
  0.10282755E+01  0.17750331E+02
  0.10451325E+01  0.17813093E+02
  0.10619895E+01  0.17876000E+02
  0.10788465E+01  0.17938960E+02
  0.10957034E+01  0.18001876E+02
  0.11125604E+01  0.18064651E+02
  0.11294174E+01  0.18127184E+02
  0.11462744E+01  0.18189373E+02
  0.11631313E+01  0.18251113E+02
  0.11799883E+01  0.18312299E+02
  0.11968453E+01  0.18372826E+02
  0.12137023E+01  0.18432585E+02
  0.12305592E+01  0.18491470E+02
  0.12474162E+01  0.18549371E+02
  0.12642732E+01  0.18606182E+02
  0.12811302E+01  0.18661795E+02
  0.12979871E+01  0.18716104E+02
  0.13148441E+01  0.18769002E+02
  0.13317011E+01  0.18820387E+02
  0.13485581E+01  0.18870156E+02
  0.13654150E+01  0.18918209E+02
  0.13822720E+01  0.18964449E+02
  0.13991290E+01  0.19008780E+02
  0.14159860E+01  0.19051111E+02
  0.14328429E+01  0.19091353E+02
  0.14496999E+01  0.19129423E+02
  0.14665569E+01  0.19165238E+02
  0.14834139E+01  0.19198722E+02
  0.15002709E+01  0.19229805E+02
  0.15171278E+01  0.19258418E+02
  0.15339848E+01  0.19284499E+02
  0.15508418E+01  0.19307991E+02
  0.15676988E+01  0.19328844E+02
  0.15845557E+01  0.19347010E+02
  0.16014127E+01  0.19362451E+02
  0.16182697E+01  0.19375131E+02
  0.16351267E+01  0.19385022E+02
  0.16519836E+01  0.19392103E+02
  0.16688406E+01  0.19396359E+02
  0.16857665E+01  0.19397778E+02
  0.17026924E+01  0.19394950E+02
  0.17196182E+01  0.19386472E+02
  0.17365441E+01  0.19372362E+02
  0.17534700E+01  0.19352653E+02
  0.17703959E+01  0.19327386E+02
  0.17873218E+01  0.19296618E+02
  0.18042476E+01  0.19260415E+02
  0.18211735E+01  0.19218857E+02
  0.18380994E+01  0.19172033E+02
  0.18550253E+01  0.19120045E+02
  0.18719511E+01  0.19063003E+02
  0.18888770E+01  0.19001030E+02
  0.19058029E+01  0.18934256E+02
  0.19227288E+01  0.18862821E+02
  0.19396546E+01  0.18786874E+02
  0.19565805E+01  0.18706570E+02
  0.19735064E+01  0.18622075E+02
  0.19904323E+01  0.18533558E+02
  0.20073582E+01  0.18441196E+02
  0.20242840E+01  0.18345171E+02
  0.20412099E+01  0.18245669E+02
  0.20581358E+01  0.18142881E+02
  0.20750617E+01  0.18037002E+02
  0.20919875E+01  0.17928227E+02
  0.21089134E+01  0.17816757E+02
  0.21258393E+01  0.17702792E+02
  0.21427652E+01  0.17586532E+02
  0.21596911E+01  0.17468179E+02
  0.21766169E+01  0.17347933E+02
  0.21935428E+01  0.17225996E+02
  0.22104687E+01  0.17102563E+02
  0.22273946E+01  0.16977832E+02
  0.22443204E+01  0.16851995E+02
  0.22612463E+01  0.16725241E+02
  0.22781722E+01  0.16597758E+02
  0.22950981E+01  0.16469727E+02
  0.23120240E+01  0.16341325E+02
  0.23289498E+01  0.16212724E+02
  0.23458757E+01  0.16084092E+02
  0.23628016E+01  0.15955589E+02
  0.23797275E+01  0.15827373E+02
  0.23966533E+01  0.15699592E+02
  0.24135792E+01  0.15572390E+02
  0.24305051E+01  0.15445903E+02
  0.24474310E+01  0.15320262E+02
  0.24643569E+01  0.15195590E+02
  0.24812827E+01  0.15072005E+02
  0.24982086E+01  0.14949617E+02
  0.25151345E+01  0.14828529E+02
  0.25320604E+01  0.14708838E+02
  0.25489862E+01  0.14590634E+02
  0.25659121E+01  0.14474002E+02
  0.25828380E+01  0.14359017E+02
  0.25997639E+01  0.14245750E+02
  0.26166897E+01  0.14134268E+02
  0.26336156E+01  0.14024627E+02
  0.26505415E+01  0.13916880E+02
  0.26674674E+01  0.13811076E+02
  0.26843933E+01  0.13707255E+02
  0.27013191E+01  0.13605455E+02
  0.27182450E+01  0.13505706E+02
  0.27351709E+01  0.13408035E+02
  0.27520968E+01  0.13312464E+02
  0.27690226E+01  0.13219013E+02
  0.27859485E+01  0.13127694E+02
  0.28028744E+01  0.13038517E+02
  0.28198003E+01  0.12951490E+02
  0.28367262E+01  0.12866616E+02
  0.28536520E+01  0.12783895E+02
  0.28705779E+01  0.12703324E+02
  0.28875038E+01  0.12624898E+02
  0.29044297E+01  0.12548611E+02
  0.29213555E+01  0.12474452E+02
  0.29382814E+01  0.12402410E+02
  0.29552073E+01  0.12332471E+02
  0.29721332E+01  0.12264621E+02
  0.29890591E+01  0.12198843E+02
  0.30059849E+01  0.12135119E+02
  0.30229108E+01  0.12073433E+02
  0.30398367E+01  0.12013763E+02
  0.30567626E+01  0.11956090E+02
  0.30736884E+01  0.11900394E+02
  0.30906143E+01  0.11846653E+02
  0.31075402E+01  0.11794845E+02
  0.31244661E+01  0.11744949E+02
  0.31413920E+01  0.11696944E+02
  0.31583178E+01  0.11650807E+02
  0.31752437E+01  0.11606516E+02
  0.31921696E+01  0.11564050E+02
  0.32090955E+01  0.11523388E+02
  0.32260213E+01  0.11484509E+02
  0.32429472E+01  0.11447391E+02
  0.32598731E+01  0.11412015E+02
  0.32767990E+01  0.11378360E+02
  0.32937248E+01  0.11346409E+02
  0.33106507E+01  0.11316141E+02
  0.33275766E+01  0.11287540E+02
  0.33445025E+01  0.11260588E+02
  0.33614284E+01  0.11235268E+02
  0.33783542E+01  0.11211564E+02
  0.33952801E+01  0.11189462E+02
  0.34122060E+01  0.11168948E+02
  0.34291319E+01  0.11150008E+02
  0.34460577E+01  0.11132629E+02
  0.34629836E+01  0.11116801E+02
  0.34799095E+01  0.11102513E+02
  0.34968354E+01  0.11089755E+02
  0.35137613E+01  0.11078519E+02
  0.35306871E+01  0.11068796E+02
  0.35476130E+01  0.11060581E+02
  0.35645389E+01  0.11053867E+02
  0.35814648E+01  0.11048649E+02
  0.35983906E+01  0.11044925E+02
  0.36153165E+01  0.11042692E+02
  0.36321015E+01  0.11041948E+02
  0.36488864E+01  0.11037446E+02
  0.36656714E+01  0.11023956E+02
  0.36824563E+01  0.11001519E+02
  0.36992413E+01  0.10970210E+02
  0.37160262E+01  0.10930129E+02
  0.37328112E+01  0.10881404E+02
  0.37495962E+01  0.10824192E+02
  0.37663811E+01  0.10758678E+02
  0.37831661E+01  0.10685072E+02
  0.37999510E+01  0.10603610E+02
  0.38167360E+01  0.10514554E+02
  0.38335209E+01  0.10418190E+02
  0.38503059E+01  0.10314829E+02
  0.38670908E+01  0.10204802E+02
  0.38838758E+01  0.10088465E+02
  0.39006608E+01  0.99661938E+01
  0.39174457E+01  0.98383863E+01
  0.39342307E+01  0.97054603E+01
  0.39510156E+01  0.95678544E+01
  0.39678006E+01  0.94260274E+01
  0.39845855E+01  0.92804595E+01
  0.40013705E+01  0.91316525E+01
  0.40181554E+01  0.89801319E+01
  0.40349404E+01  0.88264491E+01
  0.40517254E+01  0.86711842E+01
  0.40685103E+01  0.85149505E+01
  0.40852953E+01  0.83583998E+01
  0.41020802E+01  0.82022291E+01
  0.41188652E+01  0.80471889E+01
  0.41356501E+01  0.78940924E+01
  0.41524351E+01  0.77438256E+01
  0.41692200E+01  0.75973573E+01
  0.41860050E+01  0.74557463E+01
  0.42027899E+01  0.73201436E+01
  0.42195749E+01  0.71917835E+01
  0.42363599E+01  0.70719586E+01
  0.42531448E+01  0.69619719E+01
  0.42699298E+01  0.68630628E+01
  0.42867147E+01  0.67763106E+01
  0.43034997E+01  0.67025286E+01
  0.43204222E+01  0.66421740E+01
  0.43373448E+01  0.65949692E+01
  0.43542673E+01  0.65611098E+01
  0.43711898E+01  0.65398988E+01
  0.43881124E+01  0.65304034E+01
  0.44050349E+01  0.65315702E+01
  0.44219574E+01  0.65423249E+01
  0.44388800E+01  0.65616453E+01
  0.44558025E+01  0.65886041E+01
  0.44727250E+01  0.66223881E+01
  0.44896476E+01  0.66623000E+01
  0.45065701E+01  0.67077506E+01
  0.45234927E+01  0.67582454E+01
  0.45404152E+01  0.68133700E+01
  0.45573377E+01  0.68727758E+01
  0.45742603E+01  0.69361677E+01
  0.45911828E+01  0.70032927E+01
  0.46081053E+01  0.70739316E+01
  0.46250279E+01  0.71478915E+01
  0.46419504E+01  0.72250006E+01
  0.46588729E+01  0.73051040E+01
  0.46757955E+01  0.73880604E+01
  0.46927180E+01  0.74737398E+01
  0.47096406E+01  0.75620219E+01
  0.47265631E+01  0.76527947E+01
  0.47434856E+01  0.77459538E+01
  0.47604082E+01  0.78414017E+01
  0.47773307E+01  0.79390474E+01
  0.47942532E+01  0.80388061E+01
  0.48111758E+01  0.81405993E+01
  0.48280983E+01  0.82443544E+01
  0.48450209E+01  0.83500054E+01
  0.48619434E+01  0.84574924E+01
  0.48788659E+01  0.85667621E+01
  0.48957885E+01  0.86777682E+01
  0.49127110E+01  0.87904713E+01
  0.49296335E+01  0.89048394E+01
  0.49465561E+01  0.90208477E+01
  0.49634786E+01  0.91384790E+01
  0.49804011E+01  0.92577232E+01
  0.49973237E+01  0.93785771E+01
  0.50142462E+01  0.95010436E+01
  0.50311688E+01  0.96251313E+01
  0.50480913E+01  0.97508526E+01
  0.50650138E+01  0.98782225E+01
  0.50819364E+01  0.10007257E+02
  0.50988589E+01  0.10137972E+02
  0.51157814E+01  0.10270380E+02
  0.51327040E+01  0.10404488E+02
  0.51496265E+01  0.10540299E+02
  0.51665490E+01  0.10677808E+02
  0.51834716E+01  0.10817003E+02
  0.52003941E+01  0.10957861E+02
  0.52173167E+01  0.11100355E+02
  0.52342392E+01  0.11244446E+02
  0.52511617E+01  0.11390091E+02
  0.52680843E+01  0.11537238E+02
  0.52850068E+01  0.11685831E+02
  0.53019293E+01  0.11835808E+02
  0.53188519E+01  0.11987103E+02
  0.53357744E+01  0.12139646E+02
  0.53526970E+01  0.12293364E+02
  0.53696195E+01  0.12448180E+02
  0.53865420E+01  0.12604016E+02
  0.54034646E+01  0.12760789E+02
  0.54203871E+01  0.12918417E+02
  0.54373096E+01  0.13076811E+02
  0.54542322E+01  0.13235884E+02
  0.54711547E+01  0.13395542E+02
  0.54880772E+01  0.13555691E+02
  0.55049998E+01  0.13716234E+02
  0.55219223E+01  0.13877070E+02
  0.55388449E+01  0.14038095E+02
  0.55557674E+01  0.14199202E+02
  0.55726899E+01  0.14360280E+02
  0.55896125E+01  0.14521217E+02
  0.56065350E+01  0.14681896E+02
  0.56234575E+01  0.14842196E+02
  0.56403801E+01  0.15001993E+02
  0.56573026E+01  0.15161162E+02
  0.56742251E+01  0.15319571E+02
  0.56911477E+01  0.15477088E+02
  0.57080702E+01  0.15633576E+02
  0.57249928E+01  0.15788897E+02
  0.57419153E+01  0.15942909E+02
  0.57588378E+01  0.16095468E+02
  0.57757604E+01  0.16246427E+02
  0.57926829E+01  0.16395637E+02
  0.58096054E+01  0.16542949E+02
  0.58265280E+01  0.16688211E+02
  0.58434505E+01  0.16831269E+02
  0.58603731E+01  0.16971970E+02
  0.58772956E+01  0.17110159E+02
  0.58942181E+01  0.17245681E+02
  0.59111407E+01  0.17378382E+02
  0.59280632E+01  0.17508107E+02
  0.59449857E+01  0.17634702E+02
  0.59619083E+01  0.17758016E+02
  0.59788308E+01  0.17877898E+02
  0.59957533E+01  0.17994199E+02
  0.60126759E+01  0.18106772E+02
  0.60295984E+01  0.18215474E+02
  0.60465210E+01  0.18320164E+02
  0.60634435E+01  0.18420705E+02
  0.60803660E+01  0.18516964E+02
  0.60972886E+01  0.18608813E+02
  0.61142111E+01  0.18696125E+02
  0.61311336E+01  0.18778784E+02
  0.61480562E+01  0.18856673E+02
  0.61649787E+01  0.18929685E+02
  0.61819012E+01  0.18997718E+02
  0.61988238E+01  0.19060675E+02
  0.62157463E+01  0.19118467E+02
  0.62326689E+01  0.19171011E+02
  0.62495914E+01  0.19218231E+02
  0.62665139E+01  0.19260060E+02
  0.62834365E+01  0.19296436E+02
  0.63003590E+01  0.19327307E+02
  0.63172815E+01  0.19352626E+02
  0.63342041E+01  0.19372358E+02
  0.63511266E+01  0.19386473E+02
  0.63680492E+01  0.19394951E+02
  0.63849061E+01  0.19397778E+02
  
  0.00000000E+00  0.15805423E+02
  0.16856976E-01  0.15805839E+02
  0.33713952E-01  0.15807088E+02
  0.50570928E-01  0.15809172E+02
  0.67427903E-01  0.15812095E+02
  0.84284879E-01  0.15815862E+02
  0.10114186E+00  0.15820482E+02
  0.11799883E+00  0.15825961E+02
  0.13485581E+00  0.15832311E+02
  0.15171278E+00  0.15839542E+02
  0.16856976E+00  0.15847668E+02
  0.18542673E+00  0.15856701E+02
  0.20228371E+00  0.15866658E+02
  0.21914069E+00  0.15877554E+02
  0.23599766E+00  0.15889407E+02
  0.25285464E+00  0.15902235E+02
  0.26971161E+00  0.15916056E+02
  0.28656859E+00  0.15930891E+02
  0.30342557E+00  0.15946759E+02
  0.32028254E+00  0.15963681E+02
  0.33713952E+00  0.15981678E+02
  0.35399649E+00  0.16000770E+02
  0.37085347E+00  0.16020980E+02
  0.38771044E+00  0.16042327E+02
  0.40456742E+00  0.16064832E+02
  0.42142440E+00  0.16088516E+02
  0.43828137E+00  0.16113398E+02
  0.45513835E+00  0.16139496E+02
  0.47199532E+00  0.16166829E+02
  0.48885230E+00  0.16195412E+02
  0.50570928E+00  0.16225263E+02
  0.52256625E+00  0.16256393E+02
  0.53942323E+00  0.16288815E+02
  0.55628020E+00  0.16322541E+02
  0.57313718E+00  0.16357577E+02
  0.58999415E+00  0.16393931E+02
  0.60685113E+00  0.16431606E+02
  0.62370811E+00  0.16470604E+02
  0.64056508E+00  0.16510923E+02
  0.65742206E+00  0.16552559E+02
  0.67427903E+00  0.16595505E+02
  0.69113601E+00  0.16639751E+02
  0.70799299E+00  0.16685284E+02
  0.72484996E+00  0.16732086E+02
  0.74170694E+00  0.16780138E+02
  0.75856391E+00  0.16829416E+02
  0.77542089E+00  0.16879892E+02
  0.79227787E+00  0.16931535E+02
  0.80913484E+00  0.16984311E+02
  0.82599182E+00  0.17038179E+02
  0.84284879E+00  0.17093098E+02
  0.85970577E+00  0.17149019E+02
  0.87656274E+00  0.17205894E+02
  0.89341972E+00  0.17263667E+02
  0.91027670E+00  0.17322278E+02
  0.92713367E+00  0.17381667E+02
  0.94399065E+00  0.17441766E+02
  0.96084762E+00  0.17502505E+02
  0.97770460E+00  0.17563810E+02
  0.99456158E+00  0.17625604E+02
  0.10114186E+01  0.17687806E+02
  0.10282755E+01  0.17750331E+02
  0.10451325E+01  0.17813093E+02
  0.10619895E+01  0.17876000E+02
  0.10788465E+01  0.17938960E+02
  0.10957034E+01  0.18001876E+02
  0.11125604E+01  0.18064651E+02
  0.11294174E+01  0.18127184E+02
  0.11462744E+01  0.18189373E+02
  0.11631313E+01  0.18251113E+02
  0.11799883E+01  0.18312299E+02
  0.11968453E+01  0.18372826E+02
  0.12137023E+01  0.18432585E+02
  0.12305592E+01  0.18491470E+02
  0.12474162E+01  0.18549371E+02
  0.12642732E+01  0.18606182E+02
  0.12811302E+01  0.18661795E+02
  0.12979871E+01  0.18716104E+02
  0.13148441E+01  0.18769002E+02
  0.13317011E+01  0.18820387E+02
  0.13485581E+01  0.18870156E+02
  0.13654150E+01  0.18918209E+02
  0.13822720E+01  0.18964449E+02
  0.13991290E+01  0.19008780E+02
  0.14159860E+01  0.19051111E+02
  0.14328429E+01  0.19091353E+02
  0.14496999E+01  0.19129423E+02
  0.14665569E+01  0.19165238E+02
  0.14834139E+01  0.19198722E+02
  0.15002709E+01  0.19229805E+02
  0.15171278E+01  0.19258418E+02
  0.15339848E+01  0.19284499E+02
  0.15508418E+01  0.19307991E+02
  0.15676988E+01  0.19328844E+02
  0.15845557E+01  0.19347010E+02
  0.16014127E+01  0.19362451E+02
  0.16182697E+01  0.19375131E+02
  0.16351267E+01  0.19385022E+02
  0.16519836E+01  0.19392103E+02
  0.16688406E+01  0.19396359E+02
  0.16857665E+01  0.19397778E+02
  0.17026924E+01  0.19395620E+02
  0.17196182E+01  0.19389149E+02
  0.17365441E+01  0.19378379E+02
  0.17534700E+01  0.19363331E+02
  0.17703959E+01  0.19344037E+02
  0.17873218E+01  0.19320534E+02
  0.18042476E+01  0.19292871E+02
  0.18211735E+01  0.19261102E+02
  0.18380994E+01  0.19225291E+02
  0.18550253E+01  0.19185506E+02
  0.18719511E+01  0.19141826E+02
  0.18888770E+01  0.19094335E+02
  0.19058029E+01  0.19043122E+02
  0.19227288E+01  0.18988283E+02
  0.19396546E+01  0.18929919E+02
  0.19565805E+01  0.18868135E+02
  0.19735064E+01  0.18803042E+02
  0.19904323E+01  0.18734753E+02
  0.20073582E+01  0.18663383E+02
  0.20242840E+01  0.18589053E+02
  0.20412099E+01  0.18511880E+02
  0.20581358E+01  0.18431989E+02
  0.20750617E+01  0.18349500E+02
  0.20919875E+01  0.18264535E+02
  0.21089134E+01  0.18177216E+02
  0.21258393E+01  0.18087661E+02
  0.21427652E+01  0.17995990E+02
  0.21596911E+01  0.17902317E+02
  0.21766169E+01  0.17806754E+02
  0.21935428E+01  0.17709409E+02
  0.22104687E+01  0.17610387E+02
  0.22273946E+01  0.17509786E+02
  0.22443204E+01  0.17407700E+02
  0.22612463E+01  0.17304219E+02
  0.22781722E+01  0.17199423E+02
  0.22950981E+01  0.17093389E+02
  0.23120240E+01  0.16986185E+02
  0.23289498E+01  0.16877874E+02
  0.23458757E+01  0.16768511E+02
  0.23628016E+01  0.16658141E+02
  0.23797275E+01  0.16546806E+02
  0.23966533E+01  0.16434536E+02
  0.24135792E+01  0.16321357E+02
  0.24305051E+01  0.16207285E+02
  0.24474310E+01  0.16092329E+02
  0.24643569E+01  0.15976491E+02
  0.24812827E+01  0.15859764E+02
  0.24982086E+01  0.15742138E+02
  0.25151345E+01  0.15623592E+02
  0.25320604E+01  0.15504100E+02
  0.25489862E+01  0.15383632E+02
  0.25659121E+01  0.15262149E+02
  0.25828380E+01  0.15139609E+02
  0.25997639E+01  0.15015964E+02
  0.26166897E+01  0.14891164E+02
  0.26336156E+01  0.14765152E+02
  0.26505415E+01  0.14637871E+02
  0.26674674E+01  0.14509259E+02
  0.26843933E+01  0.14379252E+02
  0.27013191E+01  0.14247788E+02
  0.27182450E+01  0.14114799E+02
  0.27351709E+01  0.13980220E+02
  0.27520968E+01  0.13843984E+02
  0.27690226E+01  0.13706029E+02
  0.27859485E+01  0.13566288E+02
  0.28028744E+01  0.13424702E+02
  0.28198003E+01  0.13281210E+02
  0.28367262E+01  0.13135755E+02
  0.28536520E+01  0.12988286E+02
  0.28705779E+01  0.12838751E+02
  0.28875038E+01  0.12687107E+02
  0.29044297E+01  0.12548611E+02
  0.29213555E+01  0.12474452E+02
  0.29382814E+01  0.12402410E+02
  0.29552073E+01  0.12332471E+02
  0.29721332E+01  0.12264621E+02
  0.29890591E+01  0.12198843E+02
  0.30059849E+01  0.12135119E+02
  0.30229108E+01  0.12073433E+02
  0.30398367E+01  0.12013763E+02
  0.30567626E+01  0.11956090E+02
  0.30736884E+01  0.11900394E+02
  0.30906143E+01  0.11846653E+02
  0.31075402E+01  0.11794845E+02
  0.31244661E+01  0.11744949E+02
  0.31413920E+01  0.11696944E+02
  0.31583178E+01  0.11650807E+02
  0.31752437E+01  0.11606516E+02
  0.31921696E+01  0.11564050E+02
  0.32090955E+01  0.11523388E+02
  0.32260213E+01  0.11484509E+02
  0.32429472E+01  0.11447391E+02
  0.32598731E+01  0.11412015E+02
  0.32767990E+01  0.11378360E+02
  0.32937248E+01  0.11346409E+02
  0.33106507E+01  0.11316141E+02
  0.33275766E+01  0.11287540E+02
  0.33445025E+01  0.11260588E+02
  0.33614284E+01  0.11235268E+02
  0.33783542E+01  0.11211564E+02
  0.33952801E+01  0.11189462E+02
  0.34122060E+01  0.11168948E+02
  0.34291319E+01  0.11150008E+02
  0.34460577E+01  0.11132629E+02
  0.34629836E+01  0.11116801E+02
  0.34799095E+01  0.11102513E+02
  0.34968354E+01  0.11089755E+02
  0.35137613E+01  0.11078519E+02
  0.35306871E+01  0.11068796E+02
  0.35476130E+01  0.11060581E+02
  0.35645389E+01  0.11053867E+02
  0.35814648E+01  0.11048649E+02
  0.35983906E+01  0.11044925E+02
  0.36153165E+01  0.11042692E+02
  0.36321015E+01  0.11041948E+02
  0.36488864E+01  0.11042538E+02
  0.36656714E+01  0.11044309E+02
  0.36824563E+01  0.11047264E+02
  0.36992413E+01  0.11051406E+02
  0.37160262E+01  0.11056741E+02
  0.37328112E+01  0.11063277E+02
  0.37495962E+01  0.11071021E+02
  0.37663811E+01  0.11079983E+02
  0.37831661E+01  0.11090176E+02
  0.37999510E+01  0.11101610E+02
  0.38167360E+01  0.11114302E+02
  0.38335209E+01  0.11128263E+02
  0.38503059E+01  0.11143512E+02
  0.38670908E+01  0.11160064E+02
  0.38838758E+01  0.11177936E+02
  0.39006608E+01  0.11197147E+02
  0.39174457E+01  0.11217715E+02
  0.39342307E+01  0.11239658E+02
  0.39510156E+01  0.11262995E+02
  0.39678006E+01  0.11287746E+02
  0.39845855E+01  0.11313929E+02
  0.40013705E+01  0.11341562E+02
  0.40181554E+01  0.11370663E+02
  0.40349404E+01  0.11401250E+02
  0.40517254E+01  0.11433341E+02
  0.40685103E+01  0.11466949E+02
  0.40852953E+01  0.11502091E+02
  0.41020802E+01  0.11538780E+02
  0.41188652E+01  0.11577028E+02
  0.41356501E+01  0.11616846E+02
  0.41524351E+01  0.11658244E+02
  0.41692200E+01  0.11701228E+02
  0.41860050E+01  0.11745805E+02
  0.42027899E+01  0.11791978E+02
  0.42195749E+01  0.11839750E+02
  0.42363599E+01  0.11889118E+02
  0.42531448E+01  0.11940081E+02
  0.42699298E+01  0.11992635E+02
  0.42867147E+01  0.12046770E+02
  0.43034997E+01  0.12102478E+02
  0.43204222E+01  0.12159746E+02
  0.43373448E+01  0.12219047E+02
  0.43542673E+01  0.12279902E+02
  0.43711898E+01  0.12342289E+02
  0.43881124E+01  0.12406185E+02
  0.44050349E+01  0.12471565E+02
  0.44219574E+01  0.12538400E+02
  0.44388800E+01  0.12606660E+02
  0.44558025E+01  0.12676310E+02
  0.44727250E+01  0.12747315E+02
  0.44896476E+01  0.12819637E+02
  0.45065701E+01  0.12893234E+02
  0.45234927E+01  0.12968065E+02
  0.45404152E+01  0.13044083E+02
  0.45573377E+01  0.13121243E+02
  0.45742603E+01  0.13199494E+02
  0.45911828E+01  0.13278787E+02
  0.46081053E+01  0.13359068E+02
  0.46250279E+01  0.13440284E+02
  0.46419504E+01  0.13522379E+02
  0.46588729E+01  0.13605298E+02
  0.46757955E+01  0.13688981E+02
  0.46927180E+01  0.13773371E+02
  0.47096406E+01  0.13858408E+02
  0.47265631E+01  0.13944032E+02
  0.47434856E+01  0.14030183E+02
  0.47604082E+01  0.14116800E+02
  0.47773307E+01  0.14203822E+02
  0.47942532E+01  0.14291189E+02
  0.48111758E+01  0.14378840E+02
  0.48280983E+01  0.14466715E+02
  0.48450209E+01  0.14554755E+02
  0.48619434E+01  0.14642899E+02
  0.48788659E+01  0.14731090E+02
  0.48957885E+01  0.14819271E+02
  0.49127110E+01  0.14907386E+02
  0.49296335E+01  0.14995379E+02
  0.49465561E+01  0.15083196E+02
  0.49634786E+01  0.15170787E+02
  0.49804011E+01  0.15258099E+02
  0.49973237E+01  0.15345083E+02
  0.50142462E+01  0.15431693E+02
  0.50311688E+01  0.15517883E+02
  0.50480913E+01  0.15603608E+02
  0.50650138E+01  0.15688827E+02
  0.50819364E+01  0.15773499E+02
  0.50988589E+01  0.15857587E+02
  0.51157814E+01  0.15941055E+02
  0.51327040E+01  0.16023868E+02
  0.51496265E+01  0.16105994E+02
  0.51665490E+01  0.16187403E+02
  0.51834716E+01  0.16268066E+02
  0.52003941E+01  0.16347959E+02
  0.52173167E+01  0.16427056E+02
  0.52342392E+01  0.16505334E+02
  0.52511617E+01  0.16582774E+02
  0.52680843E+01  0.16659356E+02
  0.52850068E+01  0.16735062E+02
  0.53019293E+01  0.16809879E+02
  0.53188519E+01  0.16883790E+02
  0.53357744E+01  0.16956784E+02
  0.53526970E+01  0.17028850E+02
  0.53696195E+01  0.17099976E+02
  0.53865420E+01  0.17170155E+02
  0.54034646E+01  0.17239379E+02
  0.54203871E+01  0.17307640E+02
  0.54373096E+01  0.17374933E+02
  0.54542322E+01  0.17441252E+02
  0.54711547E+01  0.17506594E+02
  0.54880772E+01  0.17570952E+02
  0.55049998E+01  0.17634325E+02
  0.55219223E+01  0.17696708E+02
  0.55388449E+01  0.17758099E+02
  0.55557674E+01  0.17818494E+02
  0.55726899E+01  0.17877891E+02
  0.55896125E+01  0.17936286E+02
  0.56065350E+01  0.17993677E+02
  0.56234575E+01  0.18050059E+02
  0.56403801E+01  0.18105429E+02
  0.56573026E+01  0.18159784E+02
  0.56742251E+01  0.18213118E+02
  0.56911477E+01  0.18265426E+02
  0.57080702E+01  0.18316704E+02
  0.57249928E+01  0.18366945E+02
  0.57419153E+01  0.18416143E+02
  0.57588378E+01  0.18464289E+02
  0.57757604E+01  0.18511376E+02
  0.57926829E+01  0.18557396E+02
  0.58096054E+01  0.18602340E+02
  0.58265280E+01  0.18646196E+02
  0.58434505E+01  0.18688956E+02
  0.58603731E+01  0.18730606E+02
  0.58772956E+01  0.18771137E+02
  0.58942181E+01  0.18810535E+02
  0.59111407E+01  0.18848787E+02
  0.59280632E+01  0.18885881E+02
  0.59449857E+01  0.18921801E+02
  0.59619083E+01  0.18956534E+02
  0.59788308E+01  0.18990066E+02
  0.59957533E+01  0.19022382E+02
  0.60126759E+01  0.19053465E+02
  0.60295984E+01  0.19083303E+02
  0.60465210E+01  0.19111878E+02
  0.60634435E+01  0.19139177E+02
  0.60803660E+01  0.19165183E+02
  0.60972886E+01  0.19189883E+02
  0.61142111E+01  0.19213261E+02
  0.61311336E+01  0.19235303E+02
  0.61480562E+01  0.19255995E+02
  0.61649787E+01  0.19275325E+02
  0.61819012E+01  0.19293278E+02
  0.61988238E+01  0.19309844E+02
  0.62157463E+01  0.19325009E+02
  0.62326689E+01  0.19338765E+02
  0.62495914E+01  0.19351100E+02
  0.62665139E+01  0.19362006E+02
  0.62834365E+01  0.19371475E+02
  0.63003590E+01  0.19379499E+02
  0.63172815E+01  0.19386073E+02
  0.63342041E+01  0.19391191E+02
  0.63511266E+01  0.19394849E+02
  0.63680492E+01  0.19397046E+02
  0.63849061E+01  0.19397778E+02
  
