   0.0000000000000000       0.94299634873533011       0.94299634873533011     
  5.00000000000000028E-002  0.96112092158124474       0.94299634873533011     
  0.10000000000000001       0.98816395425037851       0.94299634873533011     
  0.14999999999999999        1.0200764179451198       0.94299634873533023     
  0.20000000000000001        1.0556376069696987       0.94299634873533011     
  0.25000000000000000        1.0941893620183487       0.94299634873533011     
  0.29999999999999999        1.1353078867181248       0.94299634873533011     
  0.34999999999999998        1.1786936526622167       0.94299634873533011     
  0.40000000000000002        1.2241220662145054       0.94299634873533023     
  0.45000000000000001        1.2714162626690024       0.94299634873533023     
  0.50000000000000000        1.3204334686128474       0.94299634873533011     
  0.55000000000000004        1.3710556564317473       0.94299634873533023     
  0.59999999999999998        1.4231826258158431       0.94299634873533023     
  0.65000000000000002        1.4767286320718196       0.94299634873533011     
  0.69999999999999996        1.5316196298907816       0.94299634873533023     
  0.75000000000000000        1.5877897036998263       0.94299634873533011     
  0.80000000000000004        1.6451807930607674       0.94299634873533011     
  0.84999999999999998        1.7037414672124744       0.94299634873533023     
  0.90000000000000002        1.7634245290245207       0.94299634873533000     
  0.94999999999999996        1.8241876432836068       0.94299634873533000     
  1.00000000000000000        1.8859926974706602       0.94299634873533011     
